%%arco(idInicio,idFim,distancia).
arco(15890,15852,0.00142727854487).
arco(15880,15819,0.00145958460116).
arco(15865,15899,0.00108189393307).
arco(15897,15842,0.000820874072162).
arco(15812,15898,0.00141386352894).
arco(15891,15871,0.000675837415633).
arco(15830,15831,0.000501027387265).
arco(15815,15828,0.000451505019089).
arco(15865,15858,0.00077177873122).
arco(15860,15886,0.000828147694842).
arco(15843,15897,0.000421121083555).
arco(15859,15897,0.000670154291671).
arco(15859,15865,0.00066462718153).
arco(15869,15887,0.000549522038207).
arco(15892,15893,0.000360304924525).
arco(15818,15813,0.0021661833594).
arco(15860,15844,0.000460261622673).
arco(15882,15881,0.00103541376374).
arco(15871,15891,0.000675837415633).
arco(15866,15890,0.000558789722476).
arco(15845,15846,0.00105805063439).
arco(15881,15813,0.00170242157773).
arco(15846,15847,0.00100008207779).
arco(15861,15862,0.000301637972396).
arco(15831,15836,0.000841186580524).
arco(15844,15885,0.000937877008732).
arco(15830,15825,0.00052975033429).
arco(15831,15849,0.00432233985234).
arco(15883,15873,0.000480737996122).
arco(15891,15884,0.00106178073779).
arco(15864,15896,0.00295855035759).
arco(15845,15814,0.00103105249924).
arco(15890,15883,0.0011803449984).
arco(15866,15867,0.000626447087732).
arco(15875,15873,0.000353185016286).
arco(15868,15866,0.000420315653695).
arco(15896,15882,0.000735811932852).
arco(15887,15875,0.000482613748178).
arco(15893,15894,0.000176540949746).
arco(15821,15822,0.00038347210037).
arco(15842,15843,0.000514874109171).
arco(15878,15812,0.000490791747667).
arco(15856,15857,4.97391037221e-05).
arco(15844,15880,0.000254582279293).
arco(15808,15812,0.000687486852746).
arco(15849,15884,0.00238880212333).
arco(15842,15861,0.000565499078861).
arco(15836,15881,0.00149516539966).
arco(15828,15814,0.000414350025855).
arco(15880,15885,0.00119032052077).
arco(15871,15883,0.000643949475008).
arco(15864,15882,0.0036840765586).
arco(15881,15818,0.000463776668152).
arco(15867,15812,0.000353083604179).
arco(15818,15896,0.000759355995819).
arco(15889,15890,0.00020715593117).
arco(15819,15822,0.0018693733178).
arco(15878,15879,0.000600898997023).
arco(15834,15836,0.00108348937883).
arco(15887,15885,0.000667832201173).
arco(15836,15813,0.00113749537336).
arco(15813,15814,0.00055620026872).
arco(15859,15860,0.000814624949705).
arco(15898,15899,0.000363943215328).
arco(15885,15886,0.000341695933084).
arco(15811,15879,0.00046634918664).
arco(15807,15898,0.00129471288264).
arco(15806,15805,6.89716341106e-05).
arco(15879,15808,0.000827725394863).
arco(15843,15865,0.00142960739179).
arco(15880,15875,0.00233835990313).
arco(15810,15888,0.000690814714319).
arco(15849,15871,0.0027538238562).
arco(15856,15865,0.000343435319057).
arco(15836,15896,0.0013384983401).
arco(15898,15866,0.00105074351038).
arco(15896,15881,0.00030024847944).
arco(15851,15849,0.000632183278464).
arco(15834,15849,0.0033315807467).
arco(15807,15878,0.00110220300766).
arco(15819,15820,0.000936338276227).
arco(15860,15843,0.000284821092132).
arco(15877,15878,0.000750381123612).
arco(15843,15857,0.00146296318106).
arco(15849,15834,0.0033315807467).
arco(15812,15878,0.000490791747667).
arco(15844,15841,0.00106543021277).
arco(15887,15880,0.00185629721013).
arco(15857,15869,0.000680081138253).
arco(15864,15881,0.00266028789896).
arco(15856,15897,0.00120337785248).
arco(15877,15868,0.00133799263517).
arco(15849,15876,0.0033491115709).
arco(15805,15806,6.89716341106e-05).
arco(15862,15863,0.000304017475484).
arco(15814,15815,0.00023134325757).
arco(15808,15879,0.000827725394863).
arco(15899,9999,2.25370154621).
arco(15844,15819,0.00170859134704).
arco(15884,15842,0.00162716750486).
arco(15851,15836,0.00384590569231).
arco(15898,15869,0.00072695162089).
arco(15860,15861,0.000565707281558).
arco(15810,15892,0.000659168997715).
arco(15807,15868,0.000682872241899).
arco(15894,15809,0.000776413154634).
arco(15818,15882,0.00149450204642).
arco(15809,15810,0.000411863924204).
arco(15847,15821,0.00145890791806).
arco(15856,15860,0.00143415244821).
arco(15891,15876,0.000803645275483).
arco(15868,15858,0.00077915941674).
arco(15882,15813,0.000700810577569).
arco(15825,15830,0.00052975033429).
arco(15896,15818,0.000759355995819).
arco(15868,15869,0.000491142019442).
arco(15820,15848,0.00121945697889).
arco(15881,15896,0.00030024847944).
arco(15852,15853,0.000965227797938).
arco(15812,15868,0.000978364460929).
arco(15818,15881,0.000463776668152).
arco(15887,15819,0.00330723408685).
arco(15880,15841,0.000861378404686).
arco(15828,15846,0.00104699165398).
arco(15894,15855,0.00142873637307).
arco(15885,15844,0.000937877008732).
arco(15884,15851,0.00205434219238).
arco(15868,15899,0.000840999003331).
arco(15846,15824,0.00130616711556).
arco(15856,15859,0.000620202597155).
arco(15887,15841,0.00259747045815).
arco(15882,15896,0.000735811932852).
arco(9999,0,0.744871993208).
arco(15889,15867,0.000499474367429).
arco(15864,15813,0.00430327718896).
arco(15888,15889,0.000200465660508).
arco(15885,15861,0.00106769696885).
arco(15821,15820,0.000549825884576).
arco(15858,15879,0.00158168638774).
arco(15820,15821,0.000549825884576).
arco(15855,15856,0.000680178461171).
arco(15844,15875,0.00208500268788).
arco(0,15805,3.00008040066).
arco(15836,15882,0.00115368007959).
arco(15865,15866,0.000502289713424).
arco(15842,15844,0.000410319135872).
arco(15890,15891,0.000213379424665).
arco(15847,15848,0.00164677000761).
arco(15823,15847,0.00131855457872).
arco(15881,15882,0.00103541376374).
arco(15896,15813,0.00141073212546).
arco(15891,15834,0.00670895540137).
arco(15825,15831,0.000759590679412).
arco(15888,15810,0.000690814714319).
arco(15886,15887,0.000413876566024).
arco(15885,15843,0.000551797248007).
arco(15827,15828,0.000694022798751).
arco(15898,15858,0.00140720149519).
arco(15882,15818,0.00149450204642).
arco(15857,15866,0.000583059328039).
arco(15865,15869,0.000385429139651).
arco(15871,15852,0.000748838353046).
arco(15813,15846,0.00121011756939).
arco(15811,15812,0.000657034474221).
arco(15859,15857,0.000598126262935).
arco(15857,15899,0.00137833804743).
arco(15823,15824,0.000609256074005).
arco(15858,15812,0.000782399445242).
arco(15897,15851,0.00136790989902).
arco(15864,15818,0.00222990528307).
arco(15877,15898,0.00126412528351).
arco(15857,15858,0.00070488644597).
arco(15867,15879,0.00114150604232).
arco(15842,15886,0.00126553804757).
arco(15843,15860,0.000284821092132).
arco(15806,15807,0.000782519080135).
arco(15876,15877,0.000805245366965).
arco(15863,15864,0.000310454714371).
arco(15879,15811,0.00046634918664).
arco(15836,15818,0.00187212640757).
arco(15809,15889,0.000731664548927).
arco(15843,15859,0.000885135229711).
