%%arco(idInicio,idFim,distancia).
arco(15818,15896,84.4596750896).
arco(15896,15813,156.850499536).
arco(15888,15889,22.0938214827).
arco(15849,15876,371.843602055).
arco(15878,15812,54.0582503922).
arco(15851,15849,69.8391628137).
arco(15887,15880,206.171730106).
arco(15820,15848,134.006943938).
arco(15846,15847,111.238855901).
arco(15849,15834,370.533413579).
arco(15834,15849,370.533413579).
arco(15864,15882,409.658306283).
arco(15891,15884,117.946320312).
arco(15898,15866,115.816033188).
arco(15889,15867,54.9784534409).
arco(15825,15831,84.2561278675).
arco(15890,15891,23.5767128097).
arco(15806,15805,7.67169611396).
arco(15856,15860,159.354619688).
arco(15849,15871,306.239886335).
arco(15819,15822,207.85861242).
arco(15884,15851,228.223263883).
arco(15855,15856,75.5645098677).
arco(15877,15868,147.588113743).
arco(15871,15852,82.734049227).
arco(15849,15884,265.687528479).
arco(15806,15807,85.9531812876).
arco(15844,15885,104.216686173).
arco(15846,15824,143.457863986).
arco(15843,15857,162.69207149).
arco(15844,15819,189.914722031).
arco(15828,15814,45.5015230909).
arco(15812,15898,157.026195024).
arco(15844,15875,231.614127168).
arco(15842,15861,62.1184517212).
arco(15867,15812,38.8561610055).
arco(15845,15814,113.28143123).
arco(15881,15896,33.3937957411).
arco(15834,15836,118.99199884).
arco(15881,15882,115.167909117).
arco(15894,15855,158.912169069).
arco(15813,15846,133.005170149).
arco(15892,15893,39.5676878828).
arco(15830,15825,58.8847578856).
arco(15887,15841,288.836818663).
arco(15864,15813,478.622420207).
arco(15811,15812,73.0395350526).
arco(15891,15876,88.4004207288).
arco(15814,15815,25.7271474946).
arco(15898,15858,155.276103552).
arco(15857,15858,78.3084365523).
arco(15899,15805,240.166409242).
arco(15830,15831,55.0891943792).
arco(15882,15896,81.8442257008).
arco(15884,15842,180.347168273).
arco(15836,15896,147.484889384).
arco(15864,15818,247.802760979).
arco(15890,15852,158.461153293).
arco(15862,15863,33.8035770681).
arco(15859,15897,74.3375804273).
arco(15878,15879,66.7919703187).
arco(15842,15886,140.737069689).
arco(15844,15880,28.2549586038).
arco(15891,15834,746.225758906).
arco(15813,15814,61.8165996926).
arco(15856,15859,68.9292242496).
arco(15871,15891,75.12239994).
arco(15859,15860,90.498812206).
arco(15885,15861,118.502439248).
arco(15818,15813,240.886574984).
arco(15823,15847,144.862952685).
arco(15864,15881,295.751619302).
arco(15823,15824,67.7673864145).
arco(15866,15867,69.6667611746).
arco(15875,15873,38.8839751084).
arco(15882,15818,166.231705091).
arco(15885,15844,104.216686173).
arco(15857,15869,74.85994072).
arco(15859,15865,73.4512510491).
arco(15887,15885,74.1350880349).
arco(15863,15864,34.5312061763).
arco(15845,15846,117.686374615).
arco(15842,15843,57.2401410235).
arco(15818,15882,166.231705091).
arco(15887,15875,53.6238715229).
arco(15836,15813,125.529730695).
arco(15857,15899,151.670615626).
arco(15896,15881,33.3937957411).
arco(15843,15865,158.801734748).
arco(15818,15881,51.5721692821).
arco(15810,15888,76.7988012599).
arco(15877,15898,140.262496248).
arco(15827,15828,77.1806654339).
arco(15825,15830,58.8847578856).
arco(15847,15848,183.165052515).
arco(15809,15889,81.1381815827).
arco(15893,15894,19.4280329443).
arco(15815,15828,49.7561200128).
arco(15868,15869,54.5216092748).
arco(15812,15878,54.0582503922).
arco(15852,15853,107.247754558).
arco(15859,15857,66.4417062444).
arco(15860,15844,51.1942231343).
arco(15891,15871,75.12239994).
arco(15808,15879,91.0751890856).
arco(15885,15886,37.6888206547).
arco(15880,15885,132.238760702).
arco(15831,15849,480.550153647).
arco(15898,15899,40.4629809401).
arco(15861,15862,33.515395582).
arco(15858,15879,175.183165038).
arco(15879,15811,51.3100739904).
arco(15836,15882,126.693766241).
arco(15809,15810,45.3004943949).
arco(15857,15866,64.3701492035).
arco(15821,15820,61.1342623524).
arco(15808,15812,76.0112543943).
arco(15885,15843,61.3758315951).
arco(15889,15890,23.0415667243).
arco(15860,15861,62.8304027258).
arco(15879,15808,91.0751890856).
arco(15876,15877,89.5666064236).
arco(15836,15881,165.111084704).
arco(15897,15851,152.151942283).
arco(15898,15869,79.8514731196).
arco(15880,15875,259.735626471).
arco(15856,15857,5.4950818054).
arco(15811,15879,51.3100739904).
arco(15843,15859,98.4533505208).
arco(15882,15813,77.8174279418).
arco(15856,15897,133.823661458).
arco(15836,15818,207.165169052).
arco(15890,15883,130.841953397).
arco(15805,15806,7.67169611396).
arco(15819,15820,104.108789047).
arco(15880,15841,95.7086542814).
arco(15869,15887,60.3464494401).
arco(15851,15836,427.742488762).
arco(15843,15897,46.5324180282).
arco(15812,15868,108.821395514).
arco(15896,15818,84.4596750896).
arco(15856,15865,37.7885277111).
arco(15897,15842,91.2370062732).
arco(15847,15821,160.867959313).
arco(15882,15881,115.167909117).
arco(15828,15846,115.948822498).
arco(15866,15890,61.4688715429).
arco(15865,15858,85.838112158).
arco(15883,15873,53.3906194887).
arco(15860,15843,31.3396550295).
arco(15880,15819,162.266188009).
arco(15865,15866,55.7915180952).
arco(15888,15810,76.7988012599).
arco(15821,15822,42.6440966971).
arco(15881,15818,51.5721692821).
arco(15864,15896,328.929881618).
arco(15868,15866,46.3112884117).
arco(15887,15819,367.497587761).
arco(15896,15882,81.8442257008).
arco(15807,15898,143.058059511).
arco(15865,15869,42.4604053562).
arco(15807,15878,121.614020199).
arco(15868,15858,86.0362037897).
arco(15867,15879,126.506139462).
arco(15858,15812,86.3188121615).
arco(15868,15899,93.1954569331).
arco(15886,15887,46.0348832519).
arco(15860,15886,91.6443202646).
arco(15820,15821,61.1342623524).
arco(15831,15836,93.5613924208).
arco(15807,15868,75.6091106509).
arco(15865,15899,119.070671644).
arco(15871,15883,70.808000759).
arco(15894,15809,86.1174154144).
arco(15842,15844,45.1433630923).
arco(15881,15813,189.316021139).
arco(15843,15860,31.3396550295).
arco(15844,15841,118.480164276).
arco(15810,15892,73.205970328).
arco(15877,15878,82.7510731432).
