%%arco(idInicio,idFim,distancia).
arco(15849,15876,3.3491115709).
arco(15860,15844,0.460261622673).
arco(15898,15858,1.40720149519).
arco(15843,15859,0.885135229711).
arco(15881,15818,0.463776668152).
arco(15865,15866,0.502289713424).
arco(15866,15890,0.558789722476).
arco(15867,15879,1.14150604232).
arco(15877,15878,0.750381123612).
arco(15845,15814,1.03105249924).
arco(15836,15896,1.3384983401).
arco(15864,15813,4.30327718896).
arco(15880,15841,0.861378404686).
arco(15880,15819,1.45958460116).
arco(15856,15857,0.0497391037221).
arco(15882,15818,1.49450204642).
arco(15860,15843,0.284821092132).
arco(15858,15812,0.782399445242).
arco(15881,15813,1.70242157773).
arco(15855,15856,0.680178461171).
arco(15863,15864,0.310454714371).
arco(15864,15818,2.22990528307).
arco(15836,15882,1.15368007959).
arco(15844,15880,0.254582279293).
arco(15878,15812,0.490791747667).
arco(15828,15846,1.04699165398).
arco(15834,15849,3.3315807467).
arco(15818,15882,1.49450204642).
arco(15880,15875,2.33835990313).
arco(15896,15882,0.735811932852).
arco(15808,15812,0.687486852746).
arco(15882,15881,1.03541376374).
arco(15877,15868,1.33799263517).
arco(15821,15822,0.38347210037).
arco(15821,15820,0.549825884576).
arco(15849,15834,3.3315807467).
arco(15899,9999,2253.70154621).
arco(15820,15848,1.21945697889).
arco(15898,15866,1.05074351038).
arco(15857,15858,0.70488644597).
arco(15886,15887,0.413876566024).
arco(15887,15841,2.59747045815).
arco(15857,15866,0.583059328039).
arco(15896,15818,0.759355995819).
arco(15811,15879,0.46634918664).
arco(0,15805,3000.08040066).
arco(15831,15836,0.841186580524).
arco(15865,15869,0.385429139651).
arco(15891,15876,0.803645275483).
arco(15847,15821,1.45890791806).
arco(15827,15828,0.694022798751).
arco(15815,15828,0.451505019089).
arco(15867,15812,0.353083604179).
arco(15859,15857,0.598126262935).
arco(9999,0,744.871993208).
arco(15856,15865,0.343435319057).
arco(15889,15867,0.499474367429).
arco(15810,15892,0.659168997715).
arco(15844,15819,1.70859134704).
arco(15843,15857,1.46296318106).
arco(15876,15877,0.805245366965).
arco(15843,15860,0.284821092132).
arco(15891,15871,0.675837415633).
arco(15890,15883,1.1803449984).
arco(15809,15810,0.411863924204).
arco(15805,15806,0.0689716341106).
arco(15893,15894,0.176540949746).
arco(15885,15843,0.551797248007).
arco(15896,15813,1.41073212546).
arco(15836,15813,1.13749537336).
arco(15882,15896,0.735811932852).
arco(15812,15878,0.490791747667).
arco(15807,15898,1.29471288264).
arco(15871,15891,0.675837415633).
arco(15806,15807,0.782519080135).
arco(15842,15886,1.26553804757).
arco(15818,15896,0.759355995819).
arco(15897,15851,1.36790989902).
arco(15807,15878,1.10220300766).
arco(15890,15852,1.42727854487).
arco(15814,15815,0.23134325757).
arco(15865,15858,0.77177873122).
arco(15894,15855,1.42873637307).
arco(15849,15884,2.38880212333).
arco(15881,15882,1.03541376374).
arco(15845,15846,1.05805063439).
arco(15808,15879,0.827725394863).
arco(15811,15812,0.657034474221).
arco(15851,15836,3.84590569231).
arco(15889,15890,0.20715593117).
arco(15888,15810,0.690814714319).
arco(15823,15824,0.609256074005).
arco(15823,15847,1.31855457872).
arco(15868,15858,0.77915941674).
arco(15868,15899,0.840999003331).
arco(15856,15897,1.20337785248).
arco(15897,15842,0.820874072162).
arco(15879,15808,0.827725394863).
arco(15887,15880,1.85629721013).
arco(15881,15896,0.30024847944).
arco(15813,15814,0.55620026872).
arco(15807,15868,0.682872241899).
arco(15856,15859,0.620202597155).
arco(15810,15888,0.690814714319).
arco(15860,15861,0.565707281558).
arco(15877,15898,1.26412528351).
arco(15885,15844,0.937877008732).
arco(15894,15809,0.776413154634).
arco(15864,15896,2.95855035759).
arco(15882,15813,0.700810577569).
arco(15825,15830,0.52975033429).
arco(15875,15873,0.353185016286).
arco(15898,15899,0.363943215328).
arco(15847,15848,1.64677000761).
arco(15866,15867,0.626447087732).
arco(15890,15891,0.213379424665).
arco(15892,15893,0.360304924525).
arco(15888,15889,0.200465660508).
arco(15851,15849,0.632183278464).
arco(15852,15853,0.965227797938).
arco(15843,15897,0.421121083555).
arco(15809,15889,0.731664548927).
arco(15836,15818,1.87212640757).
arco(15857,15899,1.37833804743).
arco(15820,15821,0.549825884576).
arco(15887,15819,3.30723408685).
arco(15861,15862,0.301637972396).
arco(15898,15869,0.72695162089).
arco(15859,15865,0.66462718153).
arco(15830,15825,0.52975033429).
arco(15846,15847,1.00008207779).
arco(15849,15871,2.7538238562).
arco(15883,15873,0.480737996122).
arco(15844,15841,1.06543021277).
arco(15828,15814,0.414350025855).
arco(15868,15866,0.420315653695).
arco(15879,15811,0.46634918664).
arco(15844,15885,0.937877008732).
arco(15825,15831,0.759590679412).
arco(15812,15898,1.41386352894).
arco(15806,15805,0.0689716341106).
arco(15860,15886,0.828147694842).
arco(15891,15834,6.70895540137).
arco(15818,15881,0.463776668152).
arco(15869,15887,0.549522038207).
arco(15896,15881,0.30024847944).
arco(15857,15869,0.680081138253).
arco(15842,15861,0.565499078861).
arco(15842,15844,0.410319135872).
arco(15871,15852,0.748838353046).
arco(15864,15882,3.6840765586).
arco(15842,15843,0.514874109171).
arco(15813,15846,1.21011756939).
arco(15885,15886,0.341695933084).
arco(15812,15868,0.978364460929).
arco(15818,15813,2.1661833594).
arco(15858,15879,1.58168638774).
arco(15887,15875,0.482613748178).
arco(15884,15851,2.05434219238).
arco(15834,15836,1.08348937883).
arco(15836,15881,1.49516539966).
arco(15859,15897,0.670154291671).
arco(15887,15885,0.667832201173).
arco(15878,15879,0.600898997023).
arco(15846,15824,1.30616711556).
arco(15871,15883,0.643949475008).
arco(15885,15861,1.06769696885).
arco(15891,15884,1.06178073779).
arco(15830,15831,0.501027387265).
arco(15831,15849,4.32233985234).
arco(15862,15863,0.304017475484).
arco(15880,15885,1.19032052077).
arco(15819,15822,1.8693733178).
arco(15819,15820,0.936338276227).
arco(15843,15865,1.42960739179).
arco(15868,15869,0.491142019442).
arco(15864,15881,2.66028789896).
arco(15865,15899,1.08189393307).
arco(15884,15842,1.62716750486).
arco(15844,15875,2.08500268788).
arco(15856,15860,1.43415244821).
arco(15859,15860,0.814624949705).
