(15805, [(15805, 15806, 7.671696113959836)])
(15806, [(15806, 15805, 7.671696113959836), (15806, 15807, 85.9531812875953)])
(15807, [(15807, 15878, 121.61402019852862), (15807, 15898, 143.0580595114287), (15807, 15868, 75.6091106509155)])
(15808, [(15808, 15879, 91.07518908558353), (15808, 15812, 76.01125439430967)])
(15809, [(15809, 15889, 81.13818158268518), (15809, 15810, 45.300494394894535)])
(15810, [(15810, 15888, 76.79880125994649), (15810, 15892, 73.20597032796877)])
(15811, [(15811, 15879, 51.310073990368025), (15811, 15812, 73.03953505262075)])
(15812, [(15812, 15878, 54.05825039222066), (15812, 15898, 157.02619502427342), (15812, 15868, 108.82139551429051)])
(15813, [(15813, 15814, 61.81659969262686), (15813, 15846, 133.00517014928815)])
(15814, [(15814, 15815, 25.72714749455442)])
(15815, [(15815, 15828, 49.75612001277945)])
(15818, [(15818, 15881, 51.57216928213293), (15818, 15882, 166.23170509124998), (15818, 15896, 84.45967508957733), (15818, 15813, 240.88657498377734)])
(15819, [(15819, 15820, 104.10878904695741), (15819, 15822, 207.8586124199547)])
(15820, [(15820, 15821, 61.13426235235718), (15820, 15848, 134.0069439376457)])
(15821, [(15821, 15820, 61.13426235235718), (15821, 15822, 42.644096697091236)])
(15823, [(15823, 15824, 67.76738641452894), (15823, 15847, 144.86295268478176)])
(15825, [(15825, 15830, 58.884757885596756), (15825, 15831, 84.25612786745295)])
(15827, [(15827, 15828, 77.18066543385343)])
(15828, [(15828, 15814, 45.501523090904314), (15828, 15846, 115.94882249756128)])
(15830, [(15830, 15825, 58.884757885596756), (15830, 15831, 55.089194379202645)])
(15831, [(15831, 15836, 93.5613924208197), (15831, 15849, 480.55015364729775)])
(15834, [(15834, 15836, 118.99199883991352), (15834, 15849, 370.53341357939536)])
(15836, [(15836, 15881, 165.1110847044385), (15836, 15882, 126.69376624052256), (15836, 15896, 147.48488938441264), (15836, 15813, 125.52973069462706), (15836, 15818, 207.16516905203278)])
(15842, [(15842, 15886, 140.7370696892645), (15842, 15843, 57.24014102351565), (15842, 15844, 45.14336309229532), (15842, 15861, 62.118451721208395)])
(15843, [(15843, 15897, 46.53241802820247), (15843, 15857, 162.69207149014363), (15843, 15859, 98.45335052084064), (15843, 15860, 31.33965502949733), (15843, 15865, 158.8017347479074)])
(15844, [(15844, 15875, 231.6141271677561), (15844, 15880, 28.254958603788037), (15844, 15885, 104.21668617291678), (15844, 15819, 189.91472203065837), (15844, 15841, 118.48016427627104)])
(15845, [(15845, 15814, 113.28143123045288), (15845, 15846, 117.68637461485729)])
(15846, [(15846, 15824, 143.45786398644657), (15846, 15847, 111.23885590062349)])
(15847, [(15847, 15821, 160.8679593125861), (15847, 15848, 183.16505251549256)])
(15849, [(15849, 15876, 371.8436020545776), (15849, 15884, 265.6875284786238), (15849, 15834, 370.53341357939536), (15849, 15871, 306.23988633499727)])
(15851, [(15851, 15836, 427.7424887624018), (15851, 15849, 69.83916281374569)])
(15852, [(15852, 15853, 107.24775455812284)])
(15855, [(15855, 15856, 75.5645098677236)])
(15856, [(15856, 15897, 133.82366145774634), (15856, 15857, 5.495081805397359), (15856, 15859, 68.92922424959707), (15856, 15860, 159.3546196876072), (15856, 15865, 37.78852771105305)])
(15857, [(15857, 15899, 151.67061562628425), (15857, 15858, 78.3084365522585), (15857, 15866, 64.37014920349186), (15857, 15869, 74.8599407200193)])
(15858, [(15858, 15879, 175.1831650377874), (15858, 15812, 86.31881216153177)])
(15859, [(15859, 15897, 74.33758042733423), (15859, 15857, 66.4417062443513), (15859, 15860, 90.4988122060491), (15859, 15865, 73.45125104909)])
(15860, [(15860, 15886, 91.64432026459566), (15860, 15843, 31.33965502949733), (15860, 15844, 51.19422313429538), (15860, 15861, 62.83040272581465)])
(15861, [(15861, 15862, 33.51539558196522)])
(15862, [(15862, 15863, 33.80357706808597)])
(15863, [(15863, 15864, 34.53120617625898)])
(15864, [(15864, 15881, 295.75161930215575), (15864, 15882, 409.6583062828842), (15864, 15896, 328.9298816179464), (15864, 15813, 478.62242020672386), (15864, 15818, 247.80276097943462)])
(15865, [(15865, 15899, 119.07067164353067), (15865, 15858, 85.8381121579624), (15865, 15866, 55.791518095200814), (15865, 15869, 42.460405356182655)])
(15866, [(15866, 15890, 61.468871542911955), (15866, 15867, 69.66676117459824)])
(15867, [(15867, 15879, 126.50613946170888), (15867, 15812, 38.85616100550659)])
(15868, [(15868, 15899, 93.19545693305739), (15868, 15858, 86.03620378965448), (15868, 15866, 46.31128841172364), (15868, 15869, 54.52160927477243)])
(15869, [(15869, 15887, 60.346449440114945)])
(15871, [(15871, 15883, 70.80800075898556), (15871, 15891, 75.12239993999476), (15871, 15852, 82.73404922700385)])
(15875, [(15875, 15873, 38.88397510840561)])
(15876, [(15876, 15877, 89.56660642364331)])
(15877, [(15877, 15878, 82.75107314317331), (15877, 15898, 140.26249624804353), (15877, 15868, 147.5881137429793)])
(15878, [(15878, 15879, 66.79197031868856), (15878, 15812, 54.05825039222066)])
(15879, [(15879, 15808, 91.07518908558353), (15879, 15811, 51.310073990368025)])
(15880, [(15880, 15875, 259.735626470966), (15880, 15885, 132.23876070165235), (15880, 15819, 162.26618800892157), (15880, 15841, 95.70865428138636)])
(15881, [(15881, 15882, 115.16790911670321), (15881, 15896, 33.393795741068395), (15881, 15813, 189.3160211389853), (15881, 15818, 51.57216928213293)])
(15882, [(15882, 15881, 115.16790911670321), (15882, 15896, 81.84422570075273), (15882, 15813, 77.81742794181105), (15882, 15818, 166.23170509124998)])
(15883, [(15883, 15873, 53.39061948871442)])
(15884, [(15884, 15842, 180.34716827307102), (15884, 15851, 228.22326388290134)])
(15885, [(15885, 15886, 37.68882065473979), (15885, 15843, 61.37583159506018), (15885, 15844, 104.21668617291678), (15885, 15861, 118.5024392478263)])
(15886, [(15886, 15887, 46.03488325191976)])
(15887, [(15887, 15875, 53.623871522894014), (15887, 15880, 206.1717301061321), (15887, 15885, 74.13508803492893), (15887, 15819, 367.49758776071803), (15887, 15841, 288.83681866343454)])
(15888, [(15888, 15889, 22.093821482714347), (15888, 15810, 76.79880125994649)])
(15889, [(15889, 15890, 23.04156672426943), (15889, 15867, 54.978453440938544)])
(15890, [(15890, 15883, 130.84195339729214), (15890, 15891, 23.576712809723297), (15890, 15852, 158.46115329333145)])
(15891, [(15891, 15876, 88.40042072879446), (15891, 15884, 117.94632031166171), (15891, 15834, 746.225758906474), (15891, 15871, 75.12239993999476)])
(15892, [(15892, 15893, 39.56768788277535)])
(15893, [(15893, 15894, 19.42803294428816)])
(15894, [(15894, 15809, 86.11741541440017), (15894, 15855, 158.91216906883884)])
(15896, [(15896, 15881, 33.393795741068395), (15896, 15882, 81.84422570075273), (15896, 15813, 156.85049953551487), (15896, 15818, 84.45967508957733)])
(15897, [(15897, 15842, 91.23700627318824), (15897, 15851, 152.15194228281516)])
(15898, [(15898, 15899, 40.46298094009881), (15898, 15858, 155.27610355156398), (15898, 15866, 115.81603318808614), (15898, 15869, 79.85147311962473)])
