(15805, [(15805, 15806, 6.897163411060243e-05), (15805, 15807, 0.0007952157075884296)])
(15806, [(15806, 15805, 6.897163411060243e-05), (15806, 15807, 0.0007825190801351346)])
(15807, [(15807, 15878, 0.001102203007664373), (15807, 15898, 0.001294712882638519), (15807, 15868, 0.0006828722418990886)])
(15808, [(15808, 15879, 0.000827725394863416), (15808, 15811, 0.0003613931751413826), (15808, 15812, 0.000687486852745637)])
(15809, [(15809, 15889, 0.0007316645489267981), (15809, 15810, 0.000411863924204392), (15809, 15855, 0.0008646893491622598)])
(15810, [(15810, 15888, 0.000690814714318819), (15810, 15889, 0.0007826906302908469), (15810, 15892, 0.000659168997715009)])
(15811, [(15811, 15879, 0.00046634918664000837), (15811, 15812, 0.0006570344742207006)])
(15812, [(15812, 15878, 0.0004907917476673193), (15812, 15879, 0.0008701137889214008), (15812, 15898, 0.0014138635289354658), (15812, 15868, 0.0009783644609285525)])
(15813, [(15813, 15881, 0.0017024215777255147), (15813, 15882, 0.0007008105775691368), (15813, 15896, 0.0014107321254617788), (15813, 15814, 0.0005562002687203835), (15813, 15818, 0.002166183359401242), (15813, 15846, 0.0012101175693940158)])
(15814, [(15814, 15815, 0.0002313432575695459), (15814, 15846, 0.0013366947022042533)])
(15815, [(15815, 15828, 0.00045150501908892857)])
(15818, [(15818, 15881, 0.00046377666815189286), (15818, 15882, 0.0014945020464182997), (15818, 15896, 0.0007593559958186321), (15818, 15813, 0.002166183359401242)])
(15819, [(15819, 15875, 0.0037898250752442836), (15819, 15880, 0.0014595846011615083), (15819, 15885, 0.0026457902334419523), (15819, 15820, 0.0009363382762269016), (15819, 15822, 0.0018693733178034209), (15819, 15841, 0.0008141330883956802)])
(15820, [(15820, 15821, 0.0005498258845760974), (15820, 15822, 0.0009331191299222832), (15820, 15848, 0.0012194569788927857)])
(15821, [(15821, 15820, 0.0005498258845760974), (15821, 15822, 0.0003834721003703825), (15821, 15848, 0.0015225004069141601)])
(15822, [(15822, -1, (-1, -1))])
(15823, [(15823, 15824, 0.0006092560740053653), (15823, 15847, 0.001318554578717068)])
(15824, [(15824, 15847, 0.0015487332735328056)])
(15825, [(15825, 15830, 0.0005297503342899586), (15825, 15831, 0.000759590679412241)])
(15827, [(15827, 15828, 0.0006940227987505682), (15827, 15845, 0.0006988561641688524)])
(15828, [(15828, 15814, 0.0004143500258547195), (15828, 15846, 0.0010469916539784705)])
(15830, [(15830, 15825, 0.0005297503342899586), (15830, 15831, 0.0005010273872650534)])
(15831, [(15831, 15836, 0.0008411865805243822), (15831, 15849, 0.004322339852343219)])
(15832, [(15832, -1, (-1, -1))])
(15833, [(15833, -1, (-1, -1))])
(15834, [(15834, 15876, 0.006490070282987595), (15834, 15884, 0.005701622129793233), (15834, 15836, 0.0010834893788342255), (15834, 15849, 0.003331580746696215), (15834, 15871, 0.006048178458141374)])
(15836, [(15836, 15881, 0.0014951653996565922), (15836, 15882, 0.0011536800795926313), (15836, 15896, 0.0013384983400966145), (15836, 15813, 0.0011374953733562366), (15836, 15818, 0.001872126407569979), (15836, 15849, 0.0034909456850461883)])
(15838, [(15838, -1, (-1, -1))])
(15841, [(15841, 15875, 0.00307571727315871), (15841, 15880, 0.0008613784046860393), (15841, 15885, 0.0019595949915170224)])
(15842, [(15842, 15886, 0.0012655380475740418), (15842, 15843, 0.0005148741091706048), (15842, 15844, 0.000410319135871674), (15842, 15851, 0.0006129666603798123), (15842, 15861, 0.000565499078861348)])
(15843, [(15843, 15886, 0.0007959384983719475), (15843, 15897, 0.00042112108355459016), (15843, 15844, 0.0004449153331449257), (15843, 15857, 0.0014629631810606067), (15843, 15859, 0.0008851352297112545), (15843, 15860, 0.0002848210921322864), (15843, 15861, 0.0006199730062364031), (15843, 15865, 0.0014296073917931876)])
(15844, [(15844, 15875, 0.002085002687883019), (15844, 15880, 0.00025458227929295356), (15844, 15885, 0.0009378770087324009), (15844, 15886, 0.0012251628345476264), (15844, 15819, 0.0017085913470432162), (15844, 15841, 0.0010654302127702695), (15844, 15861, 0.0001932556887266629)])
(15845, [(15845, 15814, 0.001031052499244805), (15845, 15846, 0.0010580506343893271)])
(15846, [(15846, 15824, 0.0013061671155620094), (15846, 15847, 0.0010000820777891683)])
(15847, [(15847, 15821, 0.0014589079180639894), (15847, 15848, 0.0016467700076091929)])
(15848, [(15848, -1, (-1, -1))])
(15849, [(15849, 15876, 0.0033491115709013497), (15849, 15884, 0.0023888021233340845), (15849, 15834, 0.003331580746696215), (15849, 15871, 0.002753823856201111)])
(15850, [(15850, -1, (-1, -1))])
(15851, [(15851, 15836, 0.0038459056923112263), (15851, 15849, 0.0006321832784643373)])
(15852, [(15852, 15883, 0.00031637256404823063), (15852, 15891, 0.001365031052038626), (15852, 15853, 0.0009652277979379635)])
(15853, [(15853, -1, (-1, -1))])
(15855, [(15855, 15856, 0.0006801784611713026)])
(15856, [(15856, 15897, 0.0012033778524821713), (15856, 15857, 4.973910372206222e-05), (15856, 15859, 0.0006202025971549107), (15856, 15860, 0.0014341524482119996), (15856, 15865, 0.0003434353190568123)])
(15857, [(15857, 15897, 0.0011654501251991342), (15857, 15899, 0.0013783380474265664), (15857, 15858, 0.0007048864459702654), (15857, 15859, 0.0005981262629348435), (15857, 15860, 0.0014127293066522263), (15857, 15865, 0.00029725635800607414), (15857, 15866, 0.000583059328039142), (15857, 15869, 0.0006800811382532599)])
(15858, [(15858, 15879, 0.0015816863877371333), (15858, 15899, 0.0016037487231292025), (15858, 15812, 0.0007823994452424523), (15858, 15866, 0.0003732350286066731), (15858, 15869, 0.001038423149548513)])
(15859, [(15859, 15897, 0.0006701542916705951), (15859, 15857, 0.0005981262629348435), (15859, 15860, 0.000814624949704899), (15859, 15865, 0.0006646271815302673)])
(15860, [(15860, 15886, 0.000828147694842373), (15860, 15897, 0.0005939980306994948), (15860, 15843, 0.0002848210921322864), (15860, 15844, 0.0004602616226725906), (15860, 15861, 0.0005657072815584294), (15860, 15865, 0.001438174445232648)])
(15861, [(15861, 15886, 0.001374608680265584), (15861, 15862, 0.00030163797239636184)])
(15862, [(15862, 15863, 0.0003040174754841212)])
(15863, [(15863, 15864, 0.0003104547143711045)])
(15864, [(15864, 15881, 0.0026602878989580364), (15864, 15882, 0.0036840765586039132), (15864, 15896, 0.0029585503575945945), (15864, 15813, 0.004303277188964685), (15864, 15818, 0.0022299052830696327)])
(15865, [(15865, 15897, 0.0010722357456535746), (15865, 15899, 0.0010818939330747214), (15865, 15858, 0.000771778731220327), (15865, 15866, 0.0005022897134243162), (15865, 15869, 0.00038542913965133814)])
(15866, [(15866, 15890, 0.0005587897224756709), (15866, 15899, 0.0012312363733429212), (15866, 15867, 0.0006264470877323412), (15866, 15869, 0.0006852919283656101)])
(15867, [(15867, 15879, 0.0011415060423223538), (15867, 15890, 0.0006112809937133305), (15867, 15812, 0.0003530836041790457)])
(15868, [(15868, 15878, 0.0013003801124901898), (15868, 15898, 0.0006307944524202431), (15868, 15899, 0.0008409990033312946), (15868, 15858, 0.0007791594167398309), (15868, 15866, 0.0004203156536954649), (15868, 15869, 0.0004911420194421613)])
(15869, [(15869, 15887, 0.0005495220382072445), (15869, 15899, 0.0006990337896563881)])
(15871, [(15871, 15876, 0.000978874751154349), (15871, 15883, 0.0006439494750079679), (15871, 15884, 0.00039422766724411795), (15871, 15891, 0.0006758374156326455), (15871, 15852, 0.0007488383530464601)])
(15875, [(15875, 15873, 0.00035318501628641395), (15875, 15880, 0.0023383599031333016), (15875, 15885, 0.001148647585783254)])
(15876, [(15876, 15884, 0.0013067973526134807)])
(15877, [(15877, 15878, 0.0007503811236117298), (15877, 15898, 0.0012641252835107974), (15877, 15868, 0.0013379926351708784)])
(15878, [(15878, 15879, 0.0006008989970230499), (15878, 15898, 0.0015637264559653237), (15878, 15812, 0.0004907917476673193)])
(15879, [(15879, 15808, 0.000827725394863416), (15879, 15811, 0.00046634918664000837)])
(15880, [(15880, 15875, 0.0023383599031333016), (15880, 15885, 0.001190320520771977), (15880, 15819, 0.0014595846011615083), (15880, 15841, 0.0008613784046860393)])
(15881, [(15881, 15882, 0.0010354137637394382), (15881, 15896, 0.0003002484794397608), (15881, 15813, 0.0017024215777255147), (15881, 15818, 0.00046377666815189286)])
(15882, [(15882, 15881, 0.0010354137637394382), (15882, 15896, 0.0007358119328522245), (15882, 15813, 0.0007008105775691368), (15882, 15818, 0.0014945020464182997)])
(15883, [(15883, 15873, 0.00048073799612195116), (15883, 15891, 0.0011536256481586174)])
(15884, [(15884, 15842, 0.001627167504860719), (15884, 15851, 0.0020543421923821456)])
(15885, [(15885, 15886, 0.0003416959330835835), (15885, 15843, 0.0005517972480070627), (15885, 15844, 0.0009378770087324009), (15885, 15861, 0.0010676969688501348)])
(15886, [(15886, 15887, 0.0004138765660240691)])
(15887, [(15887, 15875, 0.00048261374817817144), (15887, 15880, 0.0018562972101321248), (15887, 15885, 0.0006678322011728269), (15887, 15819, 0.0033072340868472473), (15887, 15841, 0.002597470458149281)])
(15888, [(15888, 15889, 0.0002004656605081239), (15888, 15892, 0.0013461000197368298), (15888, 15810, 0.000690814714318819)])
(15889, [(15889, 15890, 0.00020715593116956836), (15889, 15867, 0.0004994743674286296)])
(15890, [(15890, 15883, 0.0011803449983955354), (15890, 15891, 0.00021337942466471285), (15890, 15852, 0.0014272785448650703)])
(15891, [(15891, 15876, 0.000803645275482517), (15891, 15884, 0.0010617807377901263), (15891, 15834, 0.006708955401368088), (15891, 15871, 0.0006758374156326455)])
(15892, [(15892, 15893, 0.0003603049245254881)])
(15893, [(15893, 15894, 0.00017654094974614624)])
(15894, [(15894, 15809, 0.0007764131546336472), (15894, 15855, 0.0014287363730674703)])
(15896, [(15896, 15881, 0.0003002484794397608), (15896, 15882, 0.0007358119328522245), (15896, 15813, 0.0014107321254617788), (15896, 15818, 0.0007593559958186321)])
(15897, [(15897, 15842, 0.0008208740721624518), (15897, 15851, 0.001367909899015324)])
(15898, [(15898, 15899, 0.00036394321532847617), (15898, 15858, 0.001407201495191315), (15898, 15866, 0.0010507435103802724), (15898, 15869, 0.0007269516208896403)])
(15899, [(15899, -1, (-1, -1))])
(19216, [(19216, -1, (-1, -1))])
(19236, [(19236, -1, (-1, -1))])
(19257, [(19257, -1, (-1, -1))])
(19278, [(19278, -1, (-1, -1))])
(19280, [(19280, -1, (-1, -1))])
(19282, [(19282, -1, (-1, -1))])
(19293, [(19293, -1, (-1, -1))])
(19295, [(19295, -1, (-1, -1))])
(19300, [(19300, -1, (-1, -1))])
(19301, [(19301, -1, (-1, -1))])
(19310, [(19310, -1, (-1, -1))])
(19315, [(19315, -1, (-1, -1))])
(19319, [(19319, -1, (-1, -1))])
(19337, [(19337, -1, (-1, -1))])
(19365, [(19365, -1, (-1, -1))])
(19371, [(19371, -1, (-1, -1))])
(19390, [(19390, -1, (-1, -1))])
(19407, [(19407, -1, (-1, -1))])
(19415, [(19415, -1, (-1, -1))])
(21843, [(21843, -1, (-1, -1))])
(21844, [(21844, -1, (-1, -1))])
(21854, [(21854, -1, (-1, -1))])
(21866, [(21866, -1, (-1, -1))])
(21889, [(21889, -1, (-1, -1))])
(21911, [(21911, -1, (-1, -1))])
(21925, [(21925, -1, (-1, -1))])
(21927, [(21927, -1, (-1, -1))])
(21932, [(21932, -1, (-1, -1))])
(21938, [(21938, -1, (-1, -1))])
(21939, [(21939, -1, (-1, -1))])
(21944, [(21944, -1, (-1, -1))])
(21949, [(21949, -1, (-1, -1))])
(21952, [(21952, -1, (-1, -1))])
(21957, [(21957, -1, (-1, -1))])
(21959, [(21959, -1, (-1, -1))])
(21961, [(21961, -1, (-1, -1))])
(21966, [(21966, -1, (-1, -1))])
(21967, [(21967, -1, (-1, -1))])
(21969, [(21969, -1, (-1, -1))])
