(15805, [(15805, 15806, 0.06897163411060243)])
(15806, [(15806, 15805, 0.06897163411060243), (15806, 15807, 0.7825190801351346)])
(15807, [(15807, 15878, 1.102203007664373), (15807, 15898, 1.294712882638519), (15807, 15868, 0.6828722418990886)])
(15808, [(15808, 15879, 0.827725394863416), (15808, 15812, 0.6874868527456369)])
(15809, [(15809, 15889, 0.7316645489267981), (15809, 15810, 0.411863924204392)])
(15810, [(15810, 15888, 0.690814714318819), (15810, 15892, 0.659168997715009)])
(15811, [(15811, 15879, 0.46634918664000835), (15811, 15812, 0.6570344742207006)])
(15812, [(15812, 15878, 0.4907917476673193), (15812, 15898, 1.4138635289354657), (15812, 15868, 0.9783644609285524)])
(15813, [(15813, 15814, 0.5562002687203835), (15813, 15846, 1.2101175693940158)])
(15814, [(15814, 15815, 0.23134325756954588)])
(15815, [(15815, 15828, 0.45150501908892854)])
(15818, [(15818, 15881, 0.46377666815189283), (15818, 15882, 1.4945020464182996), (15818, 15896, 0.7593559958186321), (15818, 15813, 2.1661833594012423)])
(15819, [(15819, 15820, 0.9363382762269016), (15819, 15822, 1.8693733178034209)])
(15820, [(15820, 15821, 0.5498258845760974), (15820, 15848, 1.2194569788927856)])
(15821, [(15821, 15820, 0.5498258845760974), (15821, 15822, 0.38347210037038254)])
(15823, [(15823, 15824, 0.6092560740053653), (15823, 15847, 1.318554578717068)])
(15825, [(15825, 15830, 0.5297503342899587), (15825, 15831, 0.759590679412241)])
(15827, [(15827, 15828, 0.6940227987505682)])
(15828, [(15828, 15814, 0.4143500258547195), (15828, 15846, 1.0469916539784705)])
(15830, [(15830, 15825, 0.5297503342899587), (15830, 15831, 0.5010273872650534)])
(15831, [(15831, 15836, 0.8411865805243822), (15831, 15849, 4.3223398523432195)])
(15834, [(15834, 15836, 1.0834893788342255), (15834, 15849, 3.331580746696215)])
(15836, [(15836, 15881, 1.4951653996565923), (15836, 15882, 1.1536800795926314), (15836, 15896, 1.3384983400966146), (15836, 15813, 1.1374953733562367), (15836, 15818, 1.872126407569979)])
(15842, [(15842, 15886, 1.2655380475740419), (15842, 15843, 0.5148741091706047), (15842, 15844, 0.410319135871674), (15842, 15861, 0.565499078861348)])
(15843, [(15843, 15897, 0.42112108355459016), (15843, 15857, 1.4629631810606067), (15843, 15859, 0.8851352297112545), (15843, 15860, 0.2848210921322864), (15843, 15865, 1.4296073917931875)])
(15844, [(15844, 15875, 2.0850026878830192), (15844, 15880, 0.2545822792929536), (15844, 15885, 0.9378770087324009), (15844, 15819, 1.7085913470432161), (15844, 15841, 1.0654302127702695)])
(15845, [(15845, 15814, 1.031052499244805), (15845, 15846, 1.0580506343893272)])
(15846, [(15846, 15824, 1.3061671155620094), (15846, 15847, 1.0000820777891684)])
(15847, [(15847, 15821, 1.4589079180639895), (15847, 15848, 1.646770007609193)])
(15849, [(15849, 15876, 3.34911157090135), (15849, 15884, 2.3888021233340844), (15849, 15834, 3.331580746696215), (15849, 15871, 2.753823856201111)])
(15851, [(15851, 15836, 3.8459056923112263), (15851, 15849, 0.6321832784643373)])
(15852, [(15852, 15853, 0.9652277979379634)])
(15855, [(15855, 15856, 0.6801784611713025)])
(15856, [(15856, 15897, 1.2033778524821712), (15856, 15857, 0.04973910372206222), (15856, 15859, 0.6202025971549108), (15856, 15860, 1.4341524482119996), (15856, 15865, 0.3434353190568123)])
(15857, [(15857, 15899, 1.3783380474265663), (15857, 15858, 0.7048864459702654), (15857, 15866, 0.583059328039142), (15857, 15869, 0.6800811382532599)])
(15858, [(15858, 15879, 1.5816863877371332), (15858, 15812, 0.7823994452424523)])
(15859, [(15859, 15897, 0.670154291670595), (15859, 15857, 0.5981262629348435), (15859, 15860, 0.8146249497048991), (15859, 15865, 0.6646271815302672)])
(15860, [(15860, 15886, 0.8281476948423729), (15860, 15843, 0.2848210921322864), (15860, 15844, 0.4602616226725906), (15860, 15861, 0.5657072815584294)])
(15861, [(15861, 15862, 0.3016379723963618)])
(15862, [(15862, 15863, 0.3040174754841212)])
(15863, [(15863, 15864, 0.3104547143711045)])
(15864, [(15864, 15881, 2.6602878989580363), (15864, 15882, 3.684076558603913), (15864, 15896, 2.9585503575945946), (15864, 15813, 4.303277188964685), (15864, 15818, 2.2299052830696326)])
(15865, [(15865, 15899, 1.0818939330747215), (15865, 15858, 0.771778731220327), (15865, 15866, 0.5022897134243162), (15865, 15869, 0.3854291396513381)])
(15866, [(15866, 15890, 0.5587897224756709), (15866, 15867, 0.6264470877323411)])
(15867, [(15867, 15879, 1.1415060423223538), (15867, 15812, 0.35308360417904566)])
(15868, [(15868, 15899, 0.8409990033312946), (15868, 15858, 0.7791594167398309), (15868, 15866, 0.42031565369546486), (15868, 15869, 0.4911420194421613)])
(15869, [(15869, 15887, 0.5495220382072445)])
(15871, [(15871, 15883, 0.6439494750079678), (15871, 15891, 0.6758374156326454), (15871, 15852, 0.7488383530464601)])
(15875, [(15875, 15873, 0.35318501628641397)])
(15876, [(15876, 15877, 0.8052453669651707)])
(15877, [(15877, 15878, 0.7503811236117298), (15877, 15898, 1.2641252835107974), (15877, 15868, 1.3379926351708784)])
(15878, [(15878, 15879, 0.6008989970230499), (15878, 15812, 0.4907917476673193)])
(15879, [(15879, 15808, 0.827725394863416), (15879, 15811, 0.46634918664000835)])
(15880, [(15880, 15875, 2.3383599031333016), (15880, 15885, 1.190320520771977), (15880, 15819, 1.4595846011615083), (15880, 15841, 0.8613784046860393)])
(15881, [(15881, 15882, 1.0354137637394383), (15881, 15896, 0.3002484794397608), (15881, 15813, 1.7024215777255147), (15881, 15818, 0.46377666815189283)])
(15882, [(15882, 15881, 1.0354137637394383), (15882, 15896, 0.7358119328522245), (15882, 15813, 0.7008105775691368), (15882, 15818, 1.4945020464182996)])
(15883, [(15883, 15873, 0.48073799612195117)])
(15884, [(15884, 15842, 1.627167504860719), (15884, 15851, 2.0543421923821454)])
(15885, [(15885, 15886, 0.3416959330835835), (15885, 15843, 0.5517972480070628), (15885, 15844, 0.9378770087324009), (15885, 15861, 1.0676969688501348)])
(15886, [(15886, 15887, 0.41387656602406914)])
(15887, [(15887, 15875, 0.48261374817817143), (15887, 15880, 1.856297210132125), (15887, 15885, 0.6678322011728269), (15887, 15819, 3.3072340868472474), (15887, 15841, 2.5974704581492807)])
(15888, [(15888, 15889, 0.2004656605081239), (15888, 15810, 0.690814714318819)])
(15889, [(15889, 15890, 0.20715593116956837), (15889, 15867, 0.4994743674286296)])
(15890, [(15890, 15883, 1.1803449983955354), (15890, 15891, 0.21337942466471285), (15890, 15852, 1.4272785448650702)])
(15891, [(15891, 15876, 0.803645275482517), (15891, 15884, 1.0617807377901263), (15891, 15834, 6.708955401368088), (15891, 15871, 0.6758374156326454)])
(15892, [(15892, 15893, 0.3603049245254881)])
(15893, [(15893, 15894, 0.17654094974614623)])
(15894, [(15894, 15809, 0.7764131546336472), (15894, 15855, 1.4287363730674703)])
(15896, [(15896, 15881, 0.3002484794397608), (15896, 15882, 0.7358119328522245), (15896, 15813, 1.4107321254617788), (15896, 15818, 0.7593559958186321)])
(15897, [(15897, 15842, 0.8208740721624518), (15897, 15851, 1.367909899015324)])
(15898, [(15898, 15899, 0.3639432153284762), (15898, 15858, 1.4072014951913152), (15898, 15866, 1.0507435103802725), (15898, 15869, 0.7269516208896403)])
